[10087004,1013,10111,20100900,"\u7a0b\u5e8f\u733f"]
[10189811,9001,321,0,"\u7814\u7a76\u751f"]
[10188761,11001,7936,20111000,"IT"]
[10188339,4001,1965,20010900,""]
[10188393,12778,6396,0,""]
[10188459,19001,9354,0,""]
[10188460,19001,9354,0,""]
[10188499,11051,2021,20100900,""]
[10188541,8001,184,20080000,""]
[10188745,12004,20200,0,"\u5343\u5343\u4e07\u4e07\u5e73\u51e1\u7684\u5927\u5b66\u751f\u4e4b\u4e00"]
[10093157,16001,170,20100000,""]
[10093157,4001,170,20110000,""]
[10189130,6002,321,0,""]
[10189130,17001,321,0,""]
[10002050,4010,12018,0,""]
[10189231,8051,1107,20040000,""]
[10189274,1002,321,20100200,"\u7ecf\u5386\u7b80\u8ff0 ... ..."]
[10189299,8151,648,0,"\u601d\u8fa9\u793e"]
[10189298,2002,12994,20110900,""]
[10176879,16001,5463,20070900,"\u6253\u9171\u6cb9"]
[10026752,8002,648,20060900,""]
[10189408,12001,1070,20070900,""]
[10189409,23003,2021,20090900,""]
[10189420,23003,7936,20090900,"\u6b63\u5728\u52aa\u529b..."]
[10189453,21605,321,20010900,""]
[10189148,16733,826,20070900,"web\u624d\u662f\u6211\u7684\u65b9\u5411"]
[10189493,2007,7949,20090900,""]
[10189575,17002,2021,20040200,"\u5927\u5b66\u6ca1\u5b66\u5230\u4ec0\u4e48...\u5de5\u4f5c\u4e00\u76f4\u5728\u6f02\u6cca\u3002\u6700\u540e\u4e0b\u5b9a\u51b3\u5fc3\u5f53\u7ad9\u957f"]
[10189718,10004,766,0,""]
[10189759,8001,296,19920700,"\u7ecf\u5386\u7b80\u8ff0 ... ..."]
